cam0:
  T_cam_imu:
  - [0.010385359416693413, -0.9999311184519903, 0.005468332573887957, 0.003979226181335416]
  - [-0.16179648013105097, -0.007076945936736551, -0.9867987717125573, -0.049155830097461065]
  - [0.9867694985795767, 0.009363502953545433, -0.16185883196616244, -0.04417305181951701]
  - [0.0, 0.0, 0.0, 1.0]
  cam_overlaps: []
  camera_model: pinhole
  distortion_coeffs: [-0.10421070944628938, -0.016788670811595657, 0.023910776988351475,
    -0.006317501249834879]
  distortion_model: equidistant
  intrinsics: [571.009706425, 571.22788128, 371.198547875, 279.590886135]
  resolution: [720, 540]
  rostopic: /camera/image_mono
  timeshift_cam_imu: 0.011305664098168512
