image_width: 1280
image_height: 1024
camera_name: narrow_stereo
camera_matrix:
  rows: 3
  cols: 3
  data: [853.552719, 0.000000, 625.560278, 0.000000, 854.788559, 493.602477, 0.000000, 0.000000, 1.000000]
distortion_model: plumb_bob
distortion_coefficients:
  rows: 1
  cols: 5
  data: [-0.299856, 0.076978, 0.001256, -0.001892, 0.000000]
rectification_matrix:
  rows: 3
  cols: 3
  data: [1.000000, 0.000000, 0.000000, 0.000000, 1.000000, 0.000000, 0.000000, 0.000000, 1.000000]
projection_matrix:
  rows: 3
  cols: 4
  data: [677.158752, 0.000000, 610.826222, 0.000000, 0.000000, 749.106506, 489.711324, 0.000000, 0.000000, 0.000000, 1.000000, 0.000000]
