image_width: 1440
image_height: 1080
camera_name: cam_blackfly
camera_matrix:
  rows: 3
  cols: 3
  data: [1187.3817439067768, 0.000000, 776.8496067557039, 0.000000, 1187.4939845193924,  549.6894262550627, 0.000000, 0.000000, 1.000000]
distortion_model: rational_polynomial
distortion_coefficients:
  rows: 1
  cols: 5
  data: [-0.025457951864817117, 0.009902106702461878, -0.043069796963119425, 0.05057305222464838]
rectification_matrix:
  rows: 3
  cols: 3
  data: [1.000000, 0.000000, 0.000000, 0.000000, 1.000000, 0.000000, 0.000000, 0.000000, 1.000000]
projection_matrix:
  rows: 3
  cols: 4
  data: [1097.71163001, 0.0, 788.916025321, 0.0, 0.0, 1097.8153943, 550.853120893, 0.0, 0.0, 0.0, 1.0, 0.0]  
