cam0:
  cam_overlaps: []
  camera_model: pinhole
  distortion_coeffs: [-0.025457951864817117, 0.009902106702461878, -0.043069796963119425,
    0.05057305222464838]
  distortion_model: equidistant
  intrinsics: [1187.3817439067768, 1187.4939845193924, 776.8496067557039, 549.6894262550627]
  resolution: [1440, 1080]
  rostopic: /camera/image_mono
