cam0:
  T_cam_imu:
  - [0.001466718774909559, -0.9999715043927466, 0.007405345268101549, 0.001764040766005029]
  - [-0.1695036029548595, -0.007546801905128908, -0.985500671925861, -0.05114066423636763]
  - [0.9855284761595445, 0.00019021963413168308, -0.16950984188280666, -0.04230207153645288]
  - [0.0, 0.0, 0.0, 1.0]
  cam_overlaps: []
  camera_model: pinhole
  distortion_coeffs: [-0.025457951864817117, 0.009902106702461878, -0.043069796963119425,
    0.05057305222464838]
  distortion_model: equidistant
  intrinsics: [1187.3817439067768, 1187.4939845193924, 776.8496067557039, 549.6894262550627]
  resolution: [1440, 1080]
  rostopic: /camera/image_mono
  timeshift_cam_imu: 0.01198200151489008
